4080
4082
4086
930
948
940
730
683
4592
591
601
615
626
638
653
667
685
707
728
745
780
781
849
888
889
1016
1079
4593
640
641
652
670
689
711
151
636
688
964
4147
517
573
4036
4038
4041
4020
2
16
4071
4078
188
4788
4789
4790
4791
4792
4793
4794
4795
4796
4797
4798
4799
4800
4801
4802
4803
4804
4805
4806
4807
4808
4809
4810
4811
4812
4813
4814
4815
4816
4817
4818
4819
4820
4821
4822
4823
4824
4825
383
465
373
461
372
4371
4372
4340
4235
463
4178
49
332
1328
1332
1342
4341
4342
1343
1341
501
4546
4547
65
4835
4837
4838
4840
4841
4842
4137
1135
1840
202
249
1932
316
4552
5008
4051
4057
4061
4070
1
120
224
709
710
943
32
35
36
42
43
4337
4390
4065
4066
4074
4114
4344
33
4335
804
805
959
4083
271
4039
4042
4034
4040
4043
4044
4045
4927
1056
4559
4970
4361
4362
9
21
10
13
4524
761
786
955
793
93
134
368
568
4112
625
243
378
387
403
411
415
375
418
438
512
528
563
764
922
4697
4479
4480
447
515
358
359
371
404
431
470
514
550
177
4055
4076
4125
4187
4085
4094
424
361
4143
4350
63
1912
300
419
37
603
217
540
604
719
31
40
48
66
2623
4444
142
82
84
123
3
6
203
4047
4069
4073
94
111
135
308
400
883
20
23
24
28
27
45
95
56
73
87
125
150
4644
4035
4037
4246
4920
605
4015
4016
4017
4018
4019
4022
4027
4369
4031
4032
4033
4370
4
4048
8
4052
11
12
15
17
19
22
26
34
38
39
4072
44
1813
4077
46
1815
47
4079
4081
52
55
4700
4084
57
59
61
4087
4088
62
4089
4090
64
67
69
70
71
72
1828
4093
75
76
77
4095
78
4096
80
4097
83
85
89
90
92
4099
1835
1836
96
97
4232
100
101
103
4100
4101
105
106
107
108
4103
112
113
114
115
116
1853
117
118
1855
4104
4105
119
121
124
127
1864
129
1866
130
131
132
1869
136
137
138
139
140
141
144
145
146
147
148
149
152
153
155
157
158
159
1876
160
162
163
164
166
167
168
169
170
171
172
173
174
1882
175
176
178
179
181
182
185
186
189
190
191
192
4109
193
194
195
1891
196
198
200
4111
1898
204
205
4113
206
207
208
209
1900
210
211
212
4116
214
215
216
218
219
220
221
222
223
225
226
4118
229
1909
230
231
232
233
234
237
4860
238
240
241
242
244
245
246
247
248
250
251
252
256
257
258
259
260
261
262
263
1926
264
266
4121
269
4122
272
274
4123
276
277
278
279
4126
4127
281
283
4236
1936
284
285
4128
286
287
4129
290
291
293
294
296
299
303
304
306
307
310
311
312
1943
4130
317
4131
330
318
319
320
322
4132
323
324
325
329
331
333
337
338
339
340
341
343
344
345
346
349
351
352
353
1954
355
356
1958
357
4728
392
393
360
4135
364
365
366
367
369
374
377
379
380
381
382
384
397
399
402
4138
406
407
410
4140
412
4141
413
414
416
417
4142
421
456
423
425
427
428
429
430
435
1981
436
437
439
440
442
443
444
445
446
448
457
458
1987
460
462
1988
4145
464
4148
468
469
471
473
4149
474
477
478
479
1995
4150
4710
4151
482
483
485
486
488
489
493
4152
4729
495
4153
497
498
499
500
4155
502
503
504
505
506
507
508
509
510
511
513
516
4157
4159
519
520
4730
521
4161
4162
523
524
525
526
527
530
531
532
533
534
4165
535
536
537
4166
538
539
541
542
4169
544
4170
545
546
547
4171
549
4172
4173
4174
551
553
4176
554
4731
4177
571
572
555
4179
4180
556
557
4181
4182
558
4183
559
560
4184
4185
561
562
4186
564
565
566
4188
4189
569
570
1718
4190
574
4732
575
577
578
580
581
582
583
584
585
4346
587
588
589
592
593
747
4733
2024
596
597
4734
598
599
602
2028
606
4735
607
609
610
611
612
613
614
616
618
619
2031
621
622
624
629
642
630
631
632
633
634
639
4193
643
644
2034
645
647
648
649
651
654
671
658
659
660
661
662
663
664
666
668
669
690
672
673
674
676
677
2041
678
679
684
686
714
691
692
693
694
695
698
699
700
701
4240
4241
705
706
2047
712
713
715
716
717
718
724
731
725
727
732
4738
735
736
738
739
740
741
743
4747
744
746
782
783
784
748
750
751
752
753
754
755
756
757
758
759
760
765
766
768
769
770
771
772
774
775
776
777
778
779
785
787
788
789
790
791
792
1258
795
796
798
799
800
801
802
803
806
807
809
4748
811
813
814
815
816
818
819
820
4862
4863
821
822
823
4195
824
825
826
827
828
829
830
831
832
833
835
836
837
838
839
840
4749
842
843
844
845
847
848
850
852
890
3975
3977
1262
853
854
855
891
856
4739
857
858
859
860
861
4724
862
864
865
866
867
868
869
870
871
872
873
874
875
4775
877
878
879
3976
881
882
884
885
886
887
892
893
894
897
898
899
900
1261
1260
901
902
903
904
905
3978
906
907
908
909
910
911
912
913
914
915
916
918
919
920
921
924
925
926
927
928
929
2103
931
932
933
934
935
937
938
941
942
999
1000
1001
1002
944
947
949
950
951
952
954
956
957
958
960
961
962
963
4740
4424
965
966
968
969
970
971
973
983
984
974
975
976
977
978
980
981
982
986
988
989
990
991
992
995
997
1041
1042
1043
1044
1045
1046
1047
3979
1003
1004
1005
2135
1006
1007
1008
4741
1009
1010
2139
1011
1013
1015
1018
1019
1020
1021
1022
1023
4864
1026
1027
1028
1029
1030
1031
1032
1033
1034
1035
1038
1039
1040
1054
1048
1049
1051
1052
1055
1057
1058
1059
1060
1061
1062
1065
1066
2150
1067
1068
1070
1072
1073
1074
1075
1076
1077
1078
1081
1082
1083
1084
1085
1087
1088
1089
1090
1091
1092
1093
1094
1095
1096
1097
1098
1099
2160
1110
2161
2162
1105
1106
1108
1111
1112
1113
1161
1162
1163
1164
1166
3980
1114
1115
1116
1117
1118
1119
1120
1121
1122
1123
1124
1125
1127
1128
1129
1130
1131
1132
1133
1134
4751
1136
1137
1138
1139
1140
1141
1142
1143
1144
1145
1146
1148
1149
1150
1151
1152
1153
4699
1154
1155
1156
1158
1159
1160
1167
1168
1169
1170
1171
1172
1173
1176
1174
1175
1177
1178
1180
1181
1182
1183
1184
1185
1186
1188
4865
1189
1190
1191
1193
1194
1196
1197
1198
1199
1201
1202
1203
1205
1206
1257
1207
1208
1209
1210
1211
1212
1213
1214
1215
4752
1216
1217
1218
1219
1223
1226
1243
1244
1229
1230
4200
1231
1232
1233
1234
1235
1236
1237
1238
1240
1241
1242
4743
1245
1246
1247
1248
1249
1250
2216
3987
4754
4562
4745
4475
4560
4548
4776
4561
4876
4902
4917
4904
4906
4919
4907
4908
4910
4911
4912
4913
1254
1255
1263
1264
1268
1269
1270
1271
1273
1274
1275
1253
4702
696
74
98
656
4233
4234
4673
972
4777
4646
1221
702
5
7
30
552
1801
315
475
628
1841
4373
4428
29
289
288
721
4903
4281
426
53
54
79
165
180
314
350
4010
4011
4012
4009
4050
4056
4058
4062
4064
88
126
187
201
81
110
4021
4023
4024
4028
4029
4030
4068
4926
4025
4046
4049
4156
4158
4119
4227
4375
4136
335
388
394
452
1337
4225
476
267
282
4228
301
336
4339
363
390
396
455
4226
1338
280
327
391
409
454
459
490
494
398
496
422
326
385
450
273
86
362
313
405
472
4367
4168
4175
4092
4107
518
703
1677
1678
1643
1644
4075
1646
1647
1648
1649
104
109
128
1650
213
1653
1654
1655
1656
1657
1658
1659
1660
1662
1663
1664
1665
1666
1667
1668
1669
1670
1671
1672
1673
1674
1675
1676
1679
342
1680
1681
1682
1683
1685
1686
1687
1688
408
1690
1691
1692
1693
1694
1695
1696
1698
1699
1700
1701
1702
1703
1705
1706
1707
1708
1709
1710
1711
1712
1713
1715
1717
576
1720
1721
586
1722
590
1723
1724
594
1725
1726
1727
1728
608
1729
1730
1731
1734
1732
1733
1735
646
655
657
1736
687
1737
1738
1739
1740
1741
1742
1743
1744
1745
726
1746
1747
733
1749
1750
749
1751
1752
1753
1754
1755
1756
1757
794
797
1758
1759
812
1760
851
3974
1761
880
1762
1763
1764
1765
896
1766
1767
917
923
1769
979
994
996
1770
1012
1771
1772
1025
1036
1037
1774
1775
1050
1063
1064
1776
1080
1777
1778
1104
1779
1165
1126
1272
1147
1780
1781
1192
1256
1204
1784
1220
1222
1782
1259
1783
1252
1818
1800
1834
1821
1870
2084
2020
41
68
2005
2172
1795
1796
1797
1798
1799
1802
1805
1807
1808
1809
1810
1811
1812
1814
1816
1817
1819
1820
1822
1824
1825
1826
1827
1829
1830
1831
1832
1833
1837
1838
1842
1843
1844
1845
1847
1849
1850
1851
1852
1854
1856
1857
1858
1859
1860
1861
1862
1863
1865
1867
1868
1871
1872
1873
1874
1875
1877
1878
1880
1881
1884
1885
1886
1887
1888
1889
1890
1892
1893
1894
1901
1896
1899
1902
1903
1904
1905
1907
1908
1910
1911
1913
1914
1915
1916
1917
1918
1919
1920
1921
1922
1923
1924
1927
1929
1930
1931
1933
1934
1935
1937
1939
1940
1942
1944
1945
1947
1948
1950
1952
1953
1956
1957
1959
1960
1961
1962
1963
1964
1965
1966
1967
1968
1970
1972
1973
1974
1975
1976
1977
1978
1979
1980
1982
1983
1984
1999
1985
1986
1989
1991
1992
1993
1994
1996
1997
1998
2000
2001
2003
2004
2006
2007
2008
2009
2010
2011
2012
2013
2014
2015
2018
2019
2021
2022
2023
2025
2026
2027
2030
2033
2032
2035
2036
2037
2038
2039
2042
2043
2044
2045
2051
2052
2053
2055
2056
2057
2058
2060
2061
2062
2063
2076
2077
2065
2067
2068
2069
2070
2071
2072
2073
2074
2075
2088
2078
2079
2080
2082
2081
2083
2085
2086
2087
2111
2090
2091
2092
2093
2094
2095
2097
2098
2099
2100
2101
2102
2104
2105
2106
2107
2108
2110
2133
2112
2113
2116
2117
2119
2120
2122
2123
2124
2125
2126
2128
2130
2131
2132
2134
2138
2140
2141
2142
2143
2144
2145
2146
2147
2165
2149
2151
2154
2152
2155
2156
2157
2158
2159
2163
2164
2178
2179
2180
2181
2166
2167
2168
2169
2173
2174
2175
2176
2177
2182
2183
2184
2185
2187
2188
2189
2191
2192
2193
2194
2195
2196
2198
2203
2205
2208
2209
2210
2211
2212
2214
2215
2217
2218
2219
2220
2221
2222
2223
2224
1846
1848
4013
4014
1938
1951
2002
2979
3059
3100
4577
3085
2609
2769
4445
3234
4998
2594
3104
2883
4606
4607
2688
2808
2914
3031
2768
3113
3155
4765
4510
3069
4766
5006
2990
3352
4848
4870
2820
3030
2624
3192
4394
2751
2606
2608
2613
2715
2822
2831
3120
3298
4535
2787
2939
4534
4997
3128
2807
2595
2683
3124
4974
4976
3348
2916
2953
4284
3281
4356
4271
3057
4416
3130
3147
3154
4396
2955
2956
4391
3169
3278
3279
4763
3164
3177
3149
4987
4652
2489
4654
3150
4656
4985
4657
4658
4659
4660
4661
4984
4982
4983
4953
4954
4979
4662
4663
4664
4981
2814
3162
3337
2721
3266
3126
5028
2690
2689
3239
2227
4413
2933
2896
3078
3106
3118
3216
3254
3342
4495
2602
2610
2711
3133
3195
3190
1556
4446
2671
3188
3055
2813
4245
2985
4613
4996
4198
3109
2951
3049
773
3202
2866
3086
3877
2773
4440
2845
2892
4519
2770
2999
2735
4244
4117
2648
4963
3330
2915
3026
2634
2902
2828
4587
3173
2617
2777
2988
3230
2880
2881
2844
2630
3048
4441
5007
3062
2970
4533
3042
4866
3321
3274
2601
3075
3174
2694
2736
3229
3127
2616
4787
2627
4201
3255
3157
2741
3125
3282
2835
2836
2757
2696
2585
2586
2605
2636
2905
3038
4558
4674
4643
2965
3176
4249
2607
2612
2621
3394
4779
4780
4781
4782
4783
4784
4785
3421
4786
2792
2795
2730
2806
4060
2869
2875
2738
2824
2873
2695
2750
4672
2681
3194
3191
2754
2942
2686
2672
2674
2675
2947
2973
2980
3012
3020
3193
3221
3180
3354
3240
2708
4452
4454
4453
3220
4847
2783
2599
2604
4608
2626
2641
2709
4539
2731
2744
2791
3334
2904
2926
2799
2650
2826
3345
4298
4500
4537
2848
3310
2841
3210
3088
3336
4971
3181
3355
2934
3076
3077
4852
3136
3201
2863
2666
3022
4617
3258
3119
2937
2615
3152
2702
2729
2742
2922
3025
4992
4957
3261
2728
3063
4406
2829
2763
2796
3156
2852
5030
4404
4405
3148
3168
4690
2597
2637
2668
3084
2639
3112
4977
2776
2962
4054
4059
4106
4850
2758
2830
2611
2619
2680
2921
3350
2625
2888
4248
4247
4645
3284
2803
2816
3628
3841
3679
4621
4438
4439
4455
4542
4624
3003
3004
3197
2726
3249
3235
2785
2800
2784
3079
3083
2865
3196
4988
2646
3016
2998
3108
2802
2832
3135
2982
3014
4349
2663
2643
3384
3387
2653
2654
2655
2656
2657
2658
2748
2901
3320
2931
3096
2932
3341
2911
2652
2760
4491
4609
3346
5005
2827
3187
2687
2638
2772
4972
3037
3163
3289
2633
3293
3116
3288
2862
2935
3309
2584
2588
2589
2591
2596
2718
2857
2858
3248
3297
3323
2775
4420
3208
4622
3264
2821
3179
3335
3356
2670
2725
2734
2805
2804
2891
4464
4959
4448
4449
4462
4952
2753
2994
2949
3353
2925
3338
3132
4933
2899
3224
3005
2849
2992
3161
4456
3227
2764
3857
3158
4415
2598
2846
2983
4264
3166
4964
4965
2693
2717
2592
3117
3029
2779
2907
4995
4994
4990
4993
2884
3218
3095
2793
2600
2812
3178
4580
3479
4450
4653
4451
3385
2786
3660
4769
4770
4771
4772
3256
4461
4460
4459
4538
4774
3586
3597
3589
3637
4551
4550
4549
3689
3644
3593
3602
3617
3661
3566
3618
3598
3641
3574
3575
3658
3568
3570
3571
3572
3577
3580
3581
3582
3584
3588
3592
3594
3595
3596
3599
3601
3604
3607
3609
3610
3611
3614
3615
3619
3620
3621
3623
3624
3626
3631
3633
3636
3643
3645
3836
3647
3650
3659
3663
3873
3684
4431
4505
3638
3567
3627
4932
3573
3578
3585
3600
3622
3583
4655
3852
4314
4410
4411
3859
3792
3814
4338
3808
3823
3727
4026
3703
3704
3705
3706
3707
3709
3710
3711
3712
3713
3714
3715
3716
3717
3718
3719
3720
4328
3721
3722
3723
3725
3726
3729
3733
3734
3735
3736
3737
3738
3740
3741
3742
3743
3749
3750
3751
3752
3757
3758
3759
3760
3761
3762
3764
3765
3767
3768
3769
3770
3771
3773
3774
3775
3777
3778
3780
3781
3784
3786
3789
3791
3794
3795
3796
3797
3798
3799
3800
3804
3805
3810
3813
4347
4348
3826
3827
3830
3831
3832
3834
3842
3847
3849
3850
3851
3853
3855
3856
3858
3861
3863
3874
3875
3881
3882
4353
3886
3887
3888
3889
4412
4312
3900
2321
2330
2326
2327
2331
2353
2373
2354
3094
2345
2490
2323
2328
2318
2319
2320
2332
4588
3964
3965
3968
3891
2481
2482
2483
2499
4377
4134
2495
1488
2484
3967
1490
2485
3942
1491
1492
1493
1495
1496
2315
2316
2317
1497
1498
1499
1500
1501
1502
2322
2329
2324
2325
3969
2333
2334
1504
2335
1505
2336
2337
2338
2339
2340
2341
2342
2343
2344
2346
2348
2486
2349
2350
2351
2487
2355
2356
2357
2488
1508
1509
1510
2359
3943
2360
2361
1511
1512
2364
2366
2372
2367
2368
1513
1514
1515
1516
1517
1518
1519
2371
1521
1522
1524
1525
1526
1527
1528
2375
2491
1529
2381
1531
2492
1532
2378
2379
2382
2385
2386
3944
1536
2389
1538
2390
1540
1541
1542
2393
2396
1543
2494
1544
2397
1545
1546
2402
2403
2405
2407
1547
2408
2410
1549
2412
2414
2496
1551
2497
1552
1553
1554
3892
1555
2415
1557
1558
2418
2420
2421
2422
2423
2424
2425
2426
2427
2428
2429
2430
2431
1559
1560
2432
2433
2434
2436
2437
2439
1561
2443
2446
1569
1563
1564
3959
3960
1565
1566
1567
1568
2451
2452
4492
4421
2572
2493
2531
2504
2505
2506
2508
2509
2510
2511
2512
2513
2514
2515
2516
2517
2518
2519
2520
2521
2522
2523
2524
2525
2526
2527
2528
2529
2530
2553
2533
2535
2537
2578
2579
2580
2541
2542
2543
2471
2472
2548
1507
2549
2550
1520
1523
1623
1530
1533
1539
2551
1548
1550
2498
1562
1570
2507
2539
3958
4331
4332
4333
4330
4329
4334
2558
2559
2581
2560
2582
2561
2562
1625
1626
2583
2473
1627
1628
4345
2563
2564
2474
1631
2475
2477
2565
2566
2478
2567
2479
2480
2568
2569
4506
4507
5046
5058
5060
5072
5073
5075
5076
5077
5078
7818
7037
7026
7135
7911
7146
7928
7168
7175
7207
7257
7264
7266
7279
7312
7317
7321
7196
7276
7282
7305
7837
7299
7194
7024
7042
8240
7256
7297
7303
7307
7309
7030
7007
7018
7192
7274
7251
7820
7817
8220
7060
7073
8217
7084
7102
7051
7031
7211
8218
7193
7252
7246
7237
7265
7270
7272
7261
7567
7219
7097
7263
8215
7287
7280
8214
8244
7300
7594
8213
8232
7839
7506
7871
7513
7120
7139
7522
7906
7203
7231
8237
7269
7094
7170
7179
7245
7008
7186
7241
7289
7298
7138
7011
7863
7226
7244
7247
7013
7074
7078
7082
7086
7092
7850
7260
7145
7306
7587
7154
7014
7087
7003
7022
7153
7160
7802
7079
7066
7504
7058
7105
7112
7524
7142
7158
7177
7124
7198
7204
7550
7253
7238
7271
7243
7552
8201
7559
7291
7292
7296
7235
8233
7593
7209
7109
7125
7126
7130
7104
7044
7070
7040
7103
7190
7065
7511
7870
7122
7134
7294
7006
7009
7016
7023
7054
7064
7067
7077
7081
7089
7096
7101
7108
7117
7136
7132
7517
7019
7191
7045
7052
7202
7250
7803
7100
7180
7015
7083
7091
7171
7157
7071
7106
7183
7151
7215
7295
7304
7310
7314
7316
7002
7027
7116
7315
7148
7182
7200
7227
7283
7020
7050
7053
7144
7028
7217
7228
7017
7049
7029
7857
7110
7143
7129
7140
7805
7216
7107
7150
7141
7131
7320
7834
7164
7046
7821
7072
7095
7090
7115
7899
7159
7248
7254
7308
7043
7815
7848
7864
7875
7874
7063
7188
7035
7057
7012
7039
7038
7055
7061
7166
7293
7128
7068
7059
7169
7181
7313
7221
7804
7034
7075
7036
7032
7189
7048
7062
8212
7877
7855
7811
8417
8463
8243
7852
7515
7881
7929
8239
8238
8236
8235
7807
8457
8464
8466
8408
8410
8433
8434
8436
8440
8458
8451
7502
7847
7849
8420
8401
8404
8403
8402
8424
7903
8421
8444
8437
8423
8439
8445
8454
8455
8459
8438
7505
7508
7509
7865
8242
7516
7933
7533
7553
7554
7555
7572
8462
7539
7542
8435
8432
7512
7898
8443
7523
7816
7842
7809
7859
7884
7968
7823
7886
7891
7888
7900
7945
8241
7822
7832
7858
7880
7883
7901
7919
7953
7912
7825
7889
7828
7965
7844
7876
7285
7326
8252
7838
7853
8419
7220
8256
8255
8450
7258
8415
7878
7892
7905
7868
7867
7958
7956
7942
7943
7940
7936
7938
7941
7957
7960
7937
7976
7322
7808
7845
7908
7922
8247
7526
8231
8230
8229
7580
7970
7576
7810
7840
7926
7836
7841
7846
7917
7918
8406
8407
8418
8425
8449
8452
7025
7324
7325
7327
7328
7329
7330
7514
7528
7531
7562
7563
7565
7579
7585
7589
7591
7597
7806
7819
7829
7831
7872
7879
7910
7921
7925
7954
7961
7973
7975
8208
8221
8223
8224
8225
8226
8227
8245
8246
8248
8249
8250
8251
8405
8413
8414
8416
8422
8441
8442
8460
8465
7501
7962
7974
7583
8501
8502
8503
8506
8507
7332
7333
7334
7335
7337
7338
7339
7340
7341
7342
7343
7344
7345
7346
7602
7603
7604
8000
8001
8003
8004
8005
8006
8007
8008
8009
8035
8036
8037
8038
8301
8302
8303
8305
8306
8308
8310
8311
8312
8313
8314
8315
8316
8317
8318
8319
8320
8321
8322
8323
8324
8325
8326
8327
8328
8330
8331
8333
8334
8336
8337
8339
8341
8342
8343
8344
8345
8346
8347
8348
8349
8350
8351
8352
8353
8354
8355
8356
8357
8358
8359
8360
8361
8362
8363
8364
8365
8366
8367
8368
8371
8372
8373
8374
8375
8376
8377
8378
8379
8380
8381
8382
8383
8384
8385
8386
8387
8388
8389
8390
8391
8392
8393
8394
8396
8397
8398
8399
8801
8803
8804
8805
8806
8039
8010
8332
8370
8014
8015
8016
8018
8019
8020
8024
8027
8028
8029
8031
8033
8034
8808
8809
8828
8829
8838
8871
8904
8905
8910
8919
8955
8963
8979
9010
9031
9032
9033
9034
9036
9049
9050
9061
9081
9087
9088
9089
9090
9091
9092
9093
9094
9095
9096
9097
9098
9099
9100
9101
9102
9103
9104
9105
9106
9107
9108
9109
9110
9111